epoch=001  L2=0.011600  cosine=0.999431
epoch=002  L2=0.015772  cosine=0.998944
