epoch=001  L2=0.205301  cosine=0.457265
epoch=002  L2=0.273263  cosine=0.370038
epoch=003  L2=0.324356  cosine=0.313428
